# front depth map at 29 x 38: blocks proud of the main wall plane (+2 forward .. -2 recessed, 0 = wall plane, . = outside the building); first row = top
y37  .  .  .  .  .  .  .  .  .  .  .  .  .  .  .  .  .  .  .  .  .  .  .  .  .  .  .  .  .
y36  .  .  .  .  .  .  .  .  .  .  .  .  .  .  .  .  .  .  .  . +1 +1 +1  .  .  .  .  .  .
y35  .  .  .  .  .  .  .  .  .  .  .  .  .  .  .  .  .  .  . -1  0  0  0 -1  .  .  .  .  .
y34  .  .  .  .  .  .  .  .  .  .  .  . +1  .  .  .  .  .  0  0  0  0  0 +1  .  .  .  .  .
y33  .  .  .  .  .  .  .  .  .  .  .  . +1  .  .  .  .  .  .  0 -1  0  0 +1 -1  .  .  .  .
y32  . +1  .  .  .  .  .  .  .  .  . -1 -1 -1  .  .  .  .  .  0 -1  0  0 +1 -1  .  .  .  .
y31  .  .  0 -1 -1 -1 -1 -1 -1 -1 -1 +1  0 +1 -1 -1 -1 -1 -1  0  0  0 +1 +1  0  0 +1  .  .
y30  .  0  0 -1 -1 -1 -1 -1 -1 -1 +1  0  0  0 +1 -1 -1 -1 -1 -1 -1 -1  0 +1 +1 +1 +1  .  .
y29  .  0  0 -1 -1 -1 -1 -1 -1 +1  0  0 -2  0  0 +1 -1 -1 -1 -1 -1 -1  0 +1 -1 -1 +1  0  .
y28  .  0 -1 -1 -1 -1 -1 -1 +1  0  0  0 -2  0  0  0 +1 -1 -1 -1 -1 -1 -1 +1 -1 -1 +1  0  .
y27 +1 +1 +1 +1 +1 +1 +1 +1 +1 +1 +1 +1 +1 +1 +1 +1 +1 +1 +1 +1 +1 +1 +1 +1 -1 +1 +1 +1 +1
y26  0  0 -1 -1 -1 -1  0  0 -1 -1 -1 -1  0 -1 -1 -1 -1 -1  0 -1 -1 -1 -1  0 -1 -1 +1  0  .
y25  . +1 -1 -1 -1 -1 +1 -1 -1 -1 -1 -1 +1 -1 -1 -1 -1 -1 +1 -1 -1 -1 -1 +1 -1 -1 +1 +1  .
y24  .  0  0  0  0  0  0  0  0  0  0  0  0  0  0  0  0  0  0  0  0  0  0  0 -1 -1  0 +1  .
y23 +1 +1  0 -1 -1  0 +1  0 -1 -1 -1  0 +1  0 -1 -1 -1  0 +1  0 -1 -1  0 +1 +1 +1 +1  0 +1
y22 +1 +1  0 -2 -2  0 +1  0 -2 -2 -2  0 +1  0 -2 -2 -2  0 +1  0 -2 -2  0 +1 -1 -1 +1  0  0
y21 +1 +1  0 -2 -2  0 +1  0 -2 -2 -2  0 +1  0 -2 -2 -2  0 +1  0 -2 -2  0 +1 -1 -1 +1  0  .
y20 +1 +1  0 -2 -2  0 +1  0 -2 -2 -2  0 +1  0 -2 -2 -2  0 +1  0 -2 -2  0 +1 +1 +1 +1 +1  .
y19 +1 +1  0 +1 +1  0 +1  0 +1 +1 +1  0 +1  0 +1 +1 +1  0 +1  0 +1 +1  0 +1 -1 -1 +1 +1  .
y18 +1 +1  0 -1 -1  0 +1  0 -1 -1 -1  0 +1  0 -1 -1 -1  0 +1  0 -1 -1  0 +1 -1 -1 +1 +1  .
y17 +1 +1  0  0  0  0 +1  0  0  0  0  0 +1  0  0  0  0  0 +1  0  0  0  0 +1 -1 -1 +1  0 +1
y16 +1 +1  0 -1 -1  0 +1  0 -1 -1 -1  0 +1  0 -1 -1 -1  0 +1  0 -1 -1  0 +1 +1 +1 +1 -1  0
y15 +1 +1  0 -2 -2  0 +1  0 -2 -2 -2  0 +1  0 -2 -2 -2  0 +1  0 -2 -2  0 +1 -1 -1 +1 +1  .
y14 +1 +1  0 -2 -2  0 +1  0 -2 -2 -2  0 +1  0 -2 -2 -2  0 +1  0 -2 -2  0 +1 -1 -1 +1 +1  .
y13 +1 +1  0 -2 -2  0 +1  0 -2 -2 -2  0 +1  0 -2 -2 -2  0 +1  0 -2 -2  0 +1 +1 +1 +1 +1  .
y12 +2 +2  0 +1 +1  0 +2  0 +1 +1 +1  0 +2  0 +1 +1 +1  0 +2  0 +1 +1  0 +1 -1 -1 +1 +1  .
y11 +1 +1 -1 -1 -1 -1 +1 +1 -1 -1 -1 -1 +1 +1 -1 -1 -1 +1 +1 -1 -1 -1 -1 +2 -1 -1 +1  0 +1
y10  0  0  0  0  0  0 +1 +2 +2 +2 +2 +2 +2 +2 +2 +2 +2 +2 +1  0  0  0  0 +1 -1 -1 +1  0  0
y09  . +1 -1 -1 -1 -1 -1 +2 +1 +1 +1 +1 +1 +1 +1 +1 +1 +2  0 -1 -1 -1 -1  0 +1 +1 +1  0  .
y08  .  0  0  0  0  0 +2 +1 +2 +2 +2 +2 +2 +2 +2 +2 +2 +1 +2  0  0  0  0 +1 -1 -1 +1 +1  .
y07  .  0  0 -1 -1  0 +1 +2  0  0 +1  0  0  0 +1  0  0 +2 +1  0 -1 -1  0 +1 -1 -1 +1 +1  .
y06  .  0  0 -2 -2  0 +1 +2 -1 -1 +1 -1 -1 -1 +1 -1 -1 +2 +1  0 -2 -2  0 +1 +1 +1 +1  0 +1
y05  .  0  0 -2 -2  0 +1 +2 -1 -1 +1 -2 -2 -2 +1 -1 -1 +2 +1  0 -2 -2  0 +1 -1 -1 +1  0  0
y04  .  0  0 -2 -2  0 +1 +2 -1 -1 +1 -2 -2 -2 +1 -1 -1 +2 +1  0 -2 -2  0 +1 -1 -1 +1  0  .
y03  .  0  0 +1 +1  0  0 +1 -1 +2 +1 -2 -2 -2 +1 +2 -2 +2  0  0 +1 +1  0 +1 -1 -1 +1 +1  .
y02 +1 +1 -1 -1 -1 -1  0  0 +1 +1 +1 -2 -2 -2 +1 +1 +1 +1  0 -1 -1 -1  0 +1  0  0  0  0  .
y01 +1 +1  0  0  0  0 +1 -1 -1 +1 +2 +2 +2 +2 +2 +1 -1 -1 +1  0  0  0  0 +1  0  0  0 +1  0
y00  0  0  0  0  0  0 +1 -1 -1 +2 +2 +2 +2 +2 +2 +2 -1 -1 +1  0  0  0  0 +1  0  0  0  0  0
