# front depth map at 40 x 50: blocks proud of the main wall plane (+2 forward .. -2 recessed, 0 = wall plane, . = outside the building); first row = top
y49  .  .  .  .  .  .  .  .  .  .  .  .  .  .  .  .  .  .  .  .  .  .  .  .  .  .  .  .  .  .  .  . +1  .  .  .  .  .  .  .
y48  .  .  .  .  .  .  .  .  .  .  .  .  .  .  .  .  .  .  .  .  .  .  .  .  .  .  .  .  .  .  . +1 +1  .  .  .  .  .  .  .
y47  .  .  .  .  .  .  .  .  .  .  .  .  .  .  .  .  .  .  .  .  .  .  .  .  .  .  .  0  0  0  0  0  0  0  .  .  .  .  .  .
y46  .  .  .  .  .  .  .  .  .  .  .  .  .  .  .  .  .  .  . +1  .  .  .  .  .  .  . -1  0 -1 -1  0 -1 -1  .  .  .  .  .  .
y45  .  .  .  .  .  .  .  .  .  .  .  .  .  .  .  .  .  . -1 -1  .  .  .  .  .  .  .  0  0 -1  0  0  0  .  .  .  .  .  .  .
y44  .  .  . +1 +1  .  .  .  .  .  .  .  .  .  .  .  . -1 -1 -1 -1  .  .  .  .  .  .  0  0 -1  0  0  0  0 +1  .  .  .  .  .
y43  .  .  .  . -1  .  .  .  .  .  .  .  .  .  . -1 -1 -1  0 +1 -1 -1 -1  .  .  .  .  0  0 -1  0  0  0  0 +1  .  .  .  .  .
y42  .  .  .  . -1  0  0  0  0  0  0  0  0 -1 -1 -1 +1  0  0  0  0 +1 -1 -1  0  0  0  0  0  0  0 +1 +1 -1 -1 -1  0 +1  .  .
y41  .  .  . -1 -1 -1 -1 -1 -1 -1 -1 -1 -1 -1 -1 +1  0 -1  0  0 -1  0 +1 -1 -1 -1 -1 -1 -1 -1 -1  0  0 +1 +2 +2 +1  0  .  .
y40  .  .  .  0 -1 -1 -1 -1 -1 -1 -1 -1 -1 +1  0 -1  0  0  0  0  0  0 -1 +1 +1 -1 -1 -1 -1 -1 -1  0  0 +1 +1 +1 +1  0  .  .
y39  .  .  0 -1 -1 -1 -1 -1 -1 -1 -1 -1 +1  0  0  0  0  0  0  0  0  0  0 -1  0 +1 -1 -1 -1 -1 -1 -1  0 +1 -2 -2 +1  0  0  .
y38  .  .  0  0  0  0  0  0  0  0 +1 +1 -1  0  0  0  0  0  0  0  0  0  0  0  0 -1 +1  0  0  0  0  0  0 +1 -2 -2 +1  0 +1 +1
y37  .  .  0  0  0  0  0  0  0 +1 +1 -1  0  0  0  0  0  0 +1 +1  0  0  0  0  0  0 -1 +1 +1  0  0  0  0 +1 -2 -2 +1  0  0  .
y36  . +1 +1 +1 +1 +1 +1 +1 +1 +1 +1  0 +1 +1 +1 +1 +1 +1 +1 +1  0 +1 +1 +1 +1 +1 +1 +1 +1  0 +1 +1 +1  0 -2 -2 +1  0 +1  .
y35  . -1 +1  0 -1 -1 -1 -1 -1 +1 +1 -1 -1 -1 -1 -1 -1 -1 +1 +1 -1 -1 -1 -1 -1 -1 -1 +1 +1 -1 -1 -1 -1  0 +1 +2 +1  0 +1  .
y34  . -1  0  0 -1 -1 -1 -1 -1  0  0 -1 -1 -1 -1 -1 -1 -1  0  0 -1 -1 -1 -1 -1 -1 -1  0 +1 -1 -1 -1 -1 +1 +1 +1 +1  0 +1  .
y33  .  . -1 -1  0  0  0  0  0 -1 -1  0  0  0  0  0  0  0 -1 -1 -1  0  0  0  0  0  0 -1 -1  0  0  0  0 +1 -2 -2 +1  0 +1  .
y32  .  . +1 -1  0 -1 -1 -1  0 +1 +1  0  0 -1 -1 -1  0  0 +1 +1  0  0 -1 -1 -1  0  0 +1 +1  0 -1 -1  0 +1 -2 -2 +1  0 +1 +1
y31  .  . +1 -1  0 -2 -2 -2  0 +1 +1  0  0 -2 -2 -2  0  0 +1 +1  0  0 -2 -2 -2  0  0 +1 +1  0 -2 -2  0 +1 -2 +2 +1  0 -1 -1
y30  .  . +1 -1  0 -2 -2 -2  0 +1 +1  0  0 -2 -2 -2  0  0 +1 +1  0  0 -2 -2 -2  0  0 +1 +1  0 -2 -2  0 +1 +1 +1 +1  0 +1  .
y29  .  . +1 -1  0 -2 -2 -2  0 +1 +1  0  0 -2 -2 -2  0  0 +1 +1  0  0 -2 -2 -2  0  0 +1 +1  0 -2 -2  0 +1  0 -2 +1  0 +1  .
y28  .  . +1 -1  0 -2 -2 -2  0 +1 +1  0  0 -2 -2 -2  0  0 +1 +1  0  0 -2 -2 -2  0  0 +1 +1  0 -2 -2  0 +1  0  0 +1  0 +1  .
y27  .  . +1 -1  0 +1 +1 +1  0 +1 +1  0  0 +1 +1 +1  0  0 +1 +1  0  0 +1 +1 +1  0  0 +1 +1  0 +1 +1  0 +1 -2 -2 +1  0 +1  .
y26  .  . +1 -1  0 +1 +1  0  0 +1 +1  0  0 +1 +1 +1  0  0 +1 +1  0  0  0  0  0  0  0 +1 +1  0 +1  0  0 +1 -2 -2 +1  0 +1  .
y25  .  . +1 -1  0 -1 -1 -1  0 +1 +1  0  0 -1 -1 -1  0  0 +1 +1  0  0 -1 -1 -1  0  0 +1 +1  0 -1 -1  0 +1 -2 -2 +1  0 +1  .
y24  .  . +1 -1  0  0  0  0  0 +1 +1  0  0  0  0  0  0  0 +1 +1  0  0  0  0  0  0  0 +1 +1  0  0  0  0 +1 -2  0 +1  0  0  0
y23  .  . +1 -1  0 -2 -2 -2  0 +1 +1  0  0 -2 -2 -2  0  0 +1 +1  0  0 -2 -2 -2  0  0 +1 +1  0 -2 -2  0 +1  0 -2 +1  0 -1 -1
y22  .  . +1 -1  0 -2 -2 -2  0 +1 +1  0  0 -2 -2 -2  0  0 +1 +1  0  0 -2 -2 -2  0  0 +1 +1  0 -2 -2  0 +1 -2 +2 +1  0 +1  .
y21  .  . +1 -1  0 -2 -2 -2  0 +1 +1  0  0 -2 -2 -2  0  0 +1 +1  0  0 -2 -2 -2  0  0 +1 +1  0 -2 -2  0 +1 +2 +1 +1  0 +1  .
y20  .  . +1 -1  0 -2 -2 -2  0 +1 +1  0  0 -2 -2 -2  0  0 +1 +1  0  0 -2 -2 -2  0  0 +1 +1  0 -2 -2  0 +1 +1 -1 +1  0 +1  .
y19  .  . -1 -1  0 +1 +1 +1  0 -1 -1  0  0 +1 +1 +1  0  0 -1 -1  0  0 +1 +1 +1  0  0 -1 -1  0 +1 +1  0 +1  0  0 +1  0 +1  .
y18  . +1 +1  0  0 +1 +1  0 -1 +1 +1 -1  0 +1 +1 +1  0 -1 +1 +1 -1  0 +1 +1 +1  0  0 +1 +1 -1 +1  0  0 +1 -2 -2 +1  0 +1  .
y17  .  0  0  0 -1 -1 -1 -1 -1  0  0 -1 -1 -1 -1 -1 -1 -1  0  0 -1 -1 -1 -1 -1 -1 -1  0  0 -1 -1 -1 -1 +1 -2 -2 +1  0 +1 +1
y16  . +1 +1 +1  0  0  0  0  0 +1 +2 +2 +2 +2 +2 +2 +2 +2 +2 +2 +2 +2 +2 +2 +2 +2 +2 +2 +1  0  0  0  0 +1 -2 -2 +1  0  0  0
y15  . -1 -1 -1 -1 -1 -1 -1 -1 -1 +1 +1 +1 +1 +1 +1 +1 +1 +1 +1 +1 +1 +1 +1 +1 +1 +1 +1 -1 -1 -1 -1  0  0 -2 -2 +1  0 -1 -1
y14  .  0  0 -1  0  0  0  0  0  0 +2 +2 +2 +2 +2 +2 +2 +2 +2 +2 +2 +2 +2 +2 +2 +2 +2 +2  0  0  0  0  0 +1 -2  0 +1  0 -1  .
y13  .  0  0  0  0  0 -1 -1  0  0 +1 +1 +1 +1 +1 +1 +1 +1 +1 +1 +1 +1 +1 +1 +1 +1 +1 +1  0 -1 -1  0  0 +1 -1 +1 +1  0 +1  .
y12  . +1 +1  0  0 -1 -1 -1  0  0 +1 +1  0 -1 -1 +1 -1 -1 -1 -1 -1 -1 +1 -1 -1  0 +1 +1  0 -1 -1 -1  0 +1 +1  0 +1  0 +1  .
y11  . +1 +1  0  0 -2 -2 -2  0  0 +2 +2  0 -2 -2 +1 -1 -2 -2 -2 -2 -1 +1 -2 -2  0 +2 +2  0 -2 -2 -1  0 +1 +1 -2 +1  0 +1  .
y10  . +1 +1  0  0 -2 -2 -2  0  0 +2 +2 +1 -2 -2 +1 -2 -2 -2 -2 -2 -1 +1 -2 -2 +1 +2 +2  0 -2 -2 -2  0 +1  0 +1 +1  0 +1  .
y09  . +1 +1  0  0 -2 -2 -2  0  0 +2 +2 +1 -2 -2 +1 -1 -2 -2 -2 -2 -1 +1 -2 -2 +1 +2 +2  0 -2 -2 -2  0 +1 -2 -2 +1  0 +1 +1
y08  . +1 +1  0  0 -1 -2 -2  0  0 +2 +2 +1 -2 -2 +1 -1 -2 -2 -2 -2 -1 +1 -2 -2 +1 +2 +2  0 -2 -2 -1  0 +1 -2 -2 +1  0 -1 -1
y07  . +1 +1  0  0 -2 -2 -2  0  0 +2 +2 +1 -2 -2 +2 -1 -2 -2 -2 -2 -1 +2 -2 -2 +1 +2 +2  0 -2 -2 -2  0 +1 -2 -2 +1  0 -1  .
y06  . -1 -1 -1  0 -2 -2 -2  0  0 +2 +2 +1 -2 -1  0 -1 -2 -2 -2 -2 -1  0 -1 -2 +1 +2 +2  0 -2 -2 -1  0 +1 -2 -1 +1  0  .  .
y05  . +1 +1 +1  0 +1 +1 +1  0  0  0 +1 +1 -1 +2 +2 -1 -2 -2 -2 -2 -1 +2 +2 -1 +1 +1  0  0 +1 +1  0  0 +1 +1 +1 +1  0  0  .
y04  .  0  0  0 -1 -1 -1 -1 -1  0 +2 -1  0 +1 +2 +2 -1 -2 -2 -2 -2 -1 +2 +2 +1  0 -1 +2 +1 -1 -1 -1 -1 +1 +1 -1 +1 -1 -1  .
y03 +1 +1 +1 +1  0 +1 +1 +1  0 +1 +1  0  0 +1 +2 +1 +1 +1 +1 +1 +1 +1 +1 +2 +1  0  0 +1 +1  0 +1 +1  0 +1 +1 +1 +1 +1  0  .
y02  0  0  0  0 -1  0  0  0  0  0  0 -1  0 -1 +2 +1 +1 +1 +1 +1 +1 +1  0 +2 -1  0 -1  0  0 -1  0  0 -1  0  0  0  0  0 -1 -1
y01  0  0  0  0 -1  0  0  0  0  0  0 -1  0 -1 +1 +1 +1 +1 +1 +1 +1 +1 +1 +1  0  0 -1  0  0 -1  0  0 -1  0  0  0  0  0 -1 -1
y00  0  0  0  0 -1  0  0  0  0  0  0  0 -1 +1 +1 +1 +1 +1 +1 +1 +1 +1 +1 +1 +1 -1 -1  0  0 -1  0  0 -1  0  0  0  0  0 -1 -1
