# front depth map at 15 x 18: blocks proud of the main wall plane (+2 forward .. -2 recessed, 0 = wall plane, . = outside the building); first row = top
y17  .  .  .  .  . +1 +1 +1 +1 +1  .  .  .  .  .
y16  . +2  0  0  0 +2  0  0  0 +2  0  0  0 +2  .
y15 +1 +2 +1 +1 +1 +2 +1 +1 +1 +2 +1 +1 +1 +2 +1
y14  . +1 +1 +1 +1 +1 +1 +1 +1 +1 +1 +1 +1 +1  .
y13  .  0  0 +1  0  0  0 +1  0  0  0 +1  0  0  .
y12  .  0 -1 -2 -1  0 -1 -2 -1  0 -1 -2 -1  0  .
y11  .  0 -1 -2 -1  0 -1 -2 -1  0 -1 -2 -1  0  .
y10  .  0  0 -2  0  0  0 -2  0  0  0 -2  0  0  .
y09  .  0 -1 -1 -1  0 -1 -1 -1  0 -1 -1 -1  0  .
y08  .  0  0  0  0 +1 +1 +1 +1 +1  0  0  0  0  .
y07  . +1 +1 +1 -1 +1 +1 +1 +1 +1 -1 +1 +1 +1  .
y06  . -1 -1 -1 -1 +1 +1 +1 +1 +1 -1 -1 -1 -1  .
y05  . +1 +2 +1 +2 +1 -1 -1 -1 +1 +2 +1 +2 +1  .
y04  . -1 -1 -1 -1 -1 -1 -2 -2 -1 -1 -1 -1 -1  .
y03  . -1 -2 -2 -2 -1 -2 -2 -2 -1 -2 -2 -2 -1  .
y02  . -1 +2 -2 -2 -1 -2 -2 -2 -1 -2 -2 +2 -1  .
y01  . +1 +1 +1 +1 +1 -2 -2 -2 +1 +2  0 +2 +1  .
y00  0  0  0  0  0  0  0  0  0  0  0  0  0  0  0
