# front depth map at 23 x 25: blocks proud of the main wall plane (+2 forward .. -2 recessed, 0 = wall plane, . = outside the building); first row = top
y24  .  .  .  .  .  .  .  .  . +2  0 +2  0 +2  .  .  .  .  .  .  .  .  .
y23  .  .  .  .  .  .  . +1 +1 +2  0 +2  0 +2 +1 +1  .  .  .  .  .  .  .
y22  .  .  .  .  . +1 +2  0  0 +2  0 +2  0 +2  0  0 +2 +1  .  .  .  .  .
y21  .  .  .  .  . +1 +2  0  0 +2  0 +2  0 +2  0  0 +2 +1  .  .  .  .  .
y20  .  .  .  .  . +1 +2  0  0 +2  0 +2  0 +2  0  0 +2 +1  .  .  .  .  .
y19  . +1 +1  0 +1 +1 +2  0  0 +2  0 +2  0 +2  0  0 +2 +1 +1  0 +1 +1  .
y18 +1  0  0 +1  0  0 +2  0  0 +2  0 -1  0 +2  0  0 +2  0  0 +1  0  0 +1
y17 +1 +1 +1 +1 +1 +1 +2  0 -1 +2 -1 -1 -1 +2 -1  0 +2 +1 +1 +1 +1 +1 +1
y16 +1 +1  0 +1  0 +1  0 -1 -1  0 -1 -1 -1  0 -1 -1  0 +1  0 +1  0 +1 +1
y15 +1 +1 +1 +1 +1 +1  0 -1 -1  0 -1 -1 -1  0 -1 -1  0 +1 +1 +1 +1 +1 +1
y14 +1 +1 -1 -1 -1 +1  0 -1 -1  0 -1 -1 -1  0 -1 -1  0 +1 -1 -1 -1 +1 +1
y13 +1 +1 -1 -1 -1 +1  0 -1 -1  0 -1 -1 -1  0 -1 -1  0 +1 -1 -1 -1 +1 +1
y12 +1 +1 -1 -1 -1 +1  0 -1 -1  0 -1 -1 -1  0 -1 -1  0 +1 -1 -1 -1 +1 +1
y11 +1 +1 -1 -1 -1 +1  0 -1 -1  0 -1 -1 -1  0 -1 -1  0 +1 -1 -1 -1 +1  0
y10  0 +1 -1 -1 -1 +1  0 -1 -1  0 -1 -1 -1  0 -1 -1  0 +1 -1 -1 -1 +1  0
y09  0 +1 -1 -1 -1 +1  0 -1 -1  0 -1  0 -1  0 -1 -1  0 +1 -1 -1 -1 +1  0
y08  0 +1 -1 -1 -1 +1  0 -1  0  0  0  0  0  0  0 -1  0 +1 -1 -1 -1 +1  0
y07  0 +1 -1 -1 -1 +1  0  0  0  0  0  0  0  0  0  0  0 +1 -1 -1 -1 +1  0
y06  0 +1 -1 -1 -1 +1  0  0  0  0  0  0  0  0  0  0  0 +1 -1 -1 -1 +1  0
y05  0 +1 -1 -1 -1 +1 +1  0  0  0  0  0  0  0  0  0 +1 +1 -1 -1 -1 +1  0
y04  0 +1 -1 -1 -1 +1 +2 +2 +2 +2 +2 +2 +2 +2 +2 +2 +2 +1 -1 -1 -1 +1  .
y03  0 +1 +1 +1 +1 +1  0  0  0  0  0  0  0  0  0  0  0 +1 +1 +1 +1 +1  .
y02  0 +1 -1 -1 -1 +1  0 -2 -2  0 -2 -2 -2  0 -2 -2  0 +1 -1 -1 -1 +1  .
y01  0 +1 -1 -1 -1 +1  0 -2 -2  0 -2 -2 -2  0 -2 -2  0 +1 -1 -1 -1 +1  .
y00  0  0  0  0  0  0  0 -2 -2  0 -2 -2 -2  0 -2 -2  0  0  0  0  0  0  .
