# front depth map at 37 x 27: blocks proud of the main wall plane (+2 forward .. -2 recessed, 0 = wall plane, . = outside the building); first row = top
y26  .  .  .  .  .  .  .  .  .  .  .  .  .  .  .  .  .  . +1  .  .  .  .  .  .  .  .  .  .  .  .  .  .  .  .  .  .
y25  .  .  .  .  .  .  .  .  .  .  .  .  . +1  .  .  . -1 +1 -1  .  .  . +1  .  .  .  .  .  .  .  .  .  .  .  .  .
y24  .  .  .  . +1  .  .  .  .  .  . -1 -1 +1 -1 -1 -1 +1 +1 +1 -1 -1 -1 +1 -1 -1  .  .  .  .  .  . +1  .  .  .  .
y23  .  .  .  . +1  .  . -1 -1 -1 -1 -1 +1 +1 -1 +1 +1 -1  0 -1 +1 +1 -1 +1 +1 -1 -1 -1 -1 -1  .  0 +1  .  .  .  .
y22  .  .  .  . +1 +1  0 -1 -1 -1 -1 -1 +1 +1 +1 +1  0  0  0  0  0 +1 +1 +1 +1 -1 -1 -1 -1 -1  0 +1 +1  .  .  .  .
y21  .  . +1 +1 +1 +1 +1 +1 +1 +1 +1 +1 +1 +1 +1 +1 +1 +1 +1 +1 +1 +1 +1 +1 +1 +1 +1 +1 +1 +1 +1 +1 +1 +1 +1  .  .
y20  .  .  . +1  0 +1 +1 +1 +1 +1 +1  0  0  0 +1 +1 +1 +1 +1 +1 +1 +1 +1  0  0  0 +1 +1 +1 +1 +1 +1  0 +1  .  .  .
y19  .  .  . -1 +1  0  0  0  0  0  0  0 +1 +1 +1 +1 +1 +1 +1 +1 +1 +1 +1 +1 +1  0  0  0  0  0  0  0 +1 -1  .  .  .
y18  .  .  . +1 +1  0  0 +1 +1 +1 +1  0 +1 +1 +1 +1 +1 +1 +1 +1 +1 +1 +1 +1 +1  0 +1 +1 +1 +1  0 +1 +1 +1  .  .  .
y17  .  .  . +1 +1  0  0 -1 -2 -2 -1  0 +1 +1 -1 -2 -2 -1 +1 -1 -2 -2 -1 +1 +1  0 -1 -2 -2 -1  0  0 +1 +1  .  .  .
y16  .  .  . +1 +1  0  0 -1 -1 -1 -1  0 +1 +1  0 -1 -1 -1 +1 -1 -1 -1 -1 +1 +1  0 -1 -1 -1 -1  0  0 +1 +1  .  .  .
y15  .  .  . +1 +1  0  0 -1 -2 -2 -1  0 +1 +1  0 -2 -2 -1 +1 -1 -2 -2 -1 +1 +1  0 -1 -2 -2 -1  0  0 +1 +1  .  .  .
y14  .  .  . +1 +1  0  0 -1 -2 -2 -1  0 +1 +1  0 -2 -2 -1 +1 -1 -2 -2 -1 +1 +1  0 -1 -2 -2 -1  0  0 +1 +1  .  .  .
y13  .  .  . +1 +1  0  0 +1 +1 +1  0  0 +1 +1 +1 +1 +1  0 +1  0 +1 +1 +1 +1 +1  0  0 +1 +1 +1  0  0 +1 +1  .  .  .
y12  .  .  . +1 +1 +1  0  0  0  0  0  0 +1 +1  0  0  0  0 +1  0  0  0  0 +1 +1  0  0  0  0  0  0 +1 +1 +1  .  .  .
y11  .  . +1 +1 +1 +1 +1 +1 +1 +1 +1 +1 +2 +2 +2 +2 +2 +2 +2 +2 +2 +2 +2 +2 +2 +1 +1 +1 +1 +1 +1 +1 +1 +1 +1  .  .
y10  .  .  .  0  0 +1 +1 +1 +1 +1 +1 +1 +1 +1 +1 +1 +1 +1 +1 +1 +1 +1 +1 +1 +1 +1 +1 +1 +1 +1 +1 +1  0  0  .  .  .
y09  .  .  . +1 +1 +2 +2  0  0  0 +2 +2 +1 +2 +2 +1  0  0  0  0  0 +1 +2 +2 +1 +2 +2  0  0  0 +2 +2 +1 +1  .  .  .
y08  .  .  . +1 +1 +2  0 -1 -1 -1 -1 +2 +1 +1 +2  0 -1 -1 -1 -1 -1  0 +2 +1 +1 +2 -1 -1 -1 -1  0 +2 +1 +1  .  .  .
y07  .  .  . +1 +1  0 +1 -2 -2 -2 -2 -1 +1 +1  0 -1 -1 -2 -2 -2 -1 -1  0 +1 +1 -1 -2 -2 -2 -2  0  0 +1 +1  .  .  .
y06  .  .  . +1 +1  0 +1 -2 -2 -2 -2 -1 +1 +1  0 -1 -1 -2 -2 -2 -1 -1  0 +1 +1 -1 -2 -2 -2 -2  0  0 +1 +1  .  .  .
y05  .  .  . +1 +1  0 +1 -2 -2 -2 -2 -1 +1 +1  0 -1 -1 -2 -2 -2 -1 -1  0 +1 +1 -1 -2 -2 -2 -2  0  0 +1 +1  .  .  .
y04  .  .  . +2 +2  0 +1 -2 -2 -2 -2 -1 +1 +1  0 -1 -1 -2 -2 -2 -1 -1  0 +1 +1 -1 -2 -2 -2 -2  0  0 +2 +2  .  .  .
y03  .  . -1  0  0 +1 +1 +1 +1 +1 +1 +1  0 +1  0 +2  0 -2 -2 -2  0 +2  0 +1 +1 +1 +1 +1 +1 +1 +1 +1  0  0 -1  .  .
y02  .  . -1  0  0 -1  0  0  0  0  0  0 +1 +1 +2 +2 +2 +2 +2 +2 +2 +2 +2 +1 +1  0  0  0  0  0  0 -1  0  0 -1  .  .
y01  . +1 +1  0  0 -1  0  0  0  0  0  0  0  0 +1 +1 +2 +2 +2 +2 +2 +1 +1  0  0  0  0  0  0  0  0 -1  0  0 +1 +1  .
y00  0  0  0  0  0  0  0  0  0  0  0  0  0  0  0  0  0  0  0  0  0  0  0  0  0  0  0  0  0  0  0  0  0  0  0  0  0
